tensor(5.) tensor(6.) tensor(1.5000) tensor(9.)
tensor([0, 1, 2, 3])
tensor(3)
4
torch.Size([4])
tensor([[ 0,  1,  2,  3],
        [ 4,  5,  6,  7],
        [ 8,  9, 10, 11],
        [12, 13, 14, 15],
        [16, 17, 18, 19]])
tensor([[ 0,  4,  8, 12, 16],
        [ 1,  5,  9, 13, 17],
        [ 2,  6, 10, 14, 18],
        [ 3,  7, 11, 15, 19]])
tensor([[1, 2, 3],
        [2, 0, 4],
        [3, 4, 5]])
tensor([[True, True, True],
        [True, True, True],
        [True, True, True]])
tensor([[[ 0,  1,  2,  3],
         [ 4,  5,  6,  7],
         [ 8,  9, 10, 11]],

        [[12, 13, 14, 15],
         [16, 17, 18, 19],
         [20, 21, 22, 23]]])
tensor([[ 0.,  1.,  2.,  3.],
        [ 4.,  5.,  6.,  7.],
        [ 8.,  9., 10., 11.],
        [12., 13., 14., 15.],
        [16., 17., 18., 19.]]) tensor([[ 0.,  2.,  4.,  6.],
        [ 8., 10., 12., 14.],
        [16., 18., 20., 22.],
        [24., 26., 28., 30.],
        [32., 34., 36., 38.]])
tensor([[  0.,   1.,   4.,   9.],
        [ 16.,  25.,  36.,  49.],
        [ 64.,  81., 100., 121.],
        [144., 169., 196., 225.],
        [256., 289., 324., 361.]])
tensor([[[ 2,  3,  4,  5],
         [ 6,  7,  8,  9],
         [10, 11, 12, 13]],

        [[14, 15, 16, 17],
         [18, 19, 20, 21],
         [22, 23, 24, 25]]]) torch.Size([2, 3, 4])
tensor([0., 1., 2., 3.]) tensor(6.)
torch.Size([5, 4]) tensor(190.)
tensor([40., 45., 50., 55.]) torch.Size([4])
tensor([ 6., 22., 38., 54., 70.]) torch.Size([5])
tensor(190.)
tensor(9.5000) tensor(9.5000)
tensor([ 8.,  9., 10., 11.]) tensor([ 8.,  9., 10., 11.])
tensor([[ 6.],
        [22.],
        [38.],
        [54.],
        [70.]])
tensor([[0.0000, 0.1667, 0.3333, 0.5000],
        [0.1818, 0.2273, 0.2727, 0.3182],
        [0.2105, 0.2368, 0.2632, 0.2895],
        [0.2222, 0.2407, 0.2593, 0.2778],
        [0.2286, 0.2429, 0.2571, 0.2714]])
tensor([[ 0.,  1.,  2.,  3.],
        [ 4.,  6.,  8., 10.],
        [12., 15., 18., 21.],
        [24., 28., 32., 36.],
        [40., 45., 50., 55.]])
tensor([0., 1., 2., 3.]) tensor([1., 1., 1., 1.]) tensor(6.)
tensor(6.)
torch.Size([5, 4]) torch.Size([4]) tensor([ 14.,  38.,  62.,  86., 110.])
tensor([[ 6.,  6.,  6.],
        [22., 22., 22.],
        [38., 38., 38.],
        [54., 54., 54.],
        [70., 70., 70.]])
tensor(5.)
tensor(7.)
tensor(6.)
